 # Stamped by ../../../disorder on  4/09/2023 at 18:43:34
 #../../../disorder -ncall2 10000000 -n3lo -ncall1 1000000 -pdf MSHT20an3lo_as118 -x 0.01 -Qmin 1.64872127070012814684 -scaleuncert -pdfuncert -NC -noCC -Ehad 920 -Elep 27.6 -mz 91.1876 -mw 80.398 -includeZ -prefix NC_an3lo_x0.01_
 # ----------------------------------------------------------
 # Doing DIS @ n3lo  (e^- + p)
 # Inclusively in radiation
 # Including neutral current
 # With γ/Z
 # xmin, xmax:         1.0000000000000000E-002   1.0000000000000000E-002
 # ymin, ymax:         0.0000000000000000        1.0000000000000000     
 # Q2min, Q2max:       2.7182818284590455        1015.6800000000001      GeV^2
 # Electron energy:    27.600000000000001      GeV
 # Proton energy:      920.00000000000000      GeV
 # COM energy:         101568.00000000000      GeV^2
 # PDF:             MSHT20an3lo_as118
 # MZ:                 91.187600000000003     
 # MW:                 80.397999999999996     
 # nf:                         5
 # CA:                 3.0000000000000000     
 # CF:                 1.3333333333333333     
 # TR:                0.50000000000000000     
 # αS(MZ):            0.11800072889105703     
 # 1/αEM:              137.00000000000000     
 # GF:                 1.1267023651653377E-005
 # sin(θ_W)^2:        0.22264585341299603     
 # ----------------------------------------------------------
# dsigma/dlogx index   0
 -.69233136E+01 -.66463811E+01 0.00000000E+00 0.00000000E+00
 -.66463811E+01 -.63694485E+01 0.00000000E+00 0.00000000E+00
 -.63694485E+01 -.60925160E+01 0.00000000E+00 0.00000000E+00
 -.60925160E+01 -.58155834E+01 0.00000000E+00 0.00000000E+00
 -.58155834E+01 -.55386509E+01 0.00000000E+00 0.00000000E+00
 -.55386509E+01 -.52617183E+01 0.00000000E+00 0.00000000E+00
 -.52617183E+01 -.49847858E+01 0.00000000E+00 0.00000000E+00
 -.49847858E+01 -.47078533E+01 0.00000000E+00 0.00000000E+00
 -.47078533E+01 -.44309207E+01 0.17558092E+08 0.50318494E+03
 -.44309207E+01 -.41539882E+01 0.00000000E+00 0.00000000E+00
 -.41539882E+01 -.38770556E+01 0.00000000E+00 0.00000000E+00
 -.38770556E+01 -.36001231E+01 0.00000000E+00 0.00000000E+00
 -.36001231E+01 -.33231905E+01 0.00000000E+00 0.00000000E+00
 -.33231905E+01 -.30462580E+01 0.00000000E+00 0.00000000E+00
 -.30462580E+01 -.27693254E+01 0.00000000E+00 0.00000000E+00
 -.27693254E+01 -.24923929E+01 0.00000000E+00 0.00000000E+00
 -.24923929E+01 -.22154604E+01 0.00000000E+00 0.00000000E+00
 -.22154604E+01 -.19385278E+01 0.00000000E+00 0.00000000E+00
 -.19385278E+01 -.16615953E+01 0.00000000E+00 0.00000000E+00
 -.16615953E+01 -.13846627E+01 0.00000000E+00 0.00000000E+00
 -.13846627E+01 -.11077302E+01 0.00000000E+00 0.00000000E+00
 -.11077302E+01 -.83079763E+00 0.00000000E+00 0.00000000E+00
 -.83079763E+00 -.55386509E+00 0.00000000E+00 0.00000000E+00
 -.55386509E+00 -.27693254E+00 0.00000000E+00 0.00000000E+00
 -.27693254E+00 0.00000000E+00 0.00000000E+00 0.00000000E+00


# dsigma/dx index   1
 0.00000000E+00 0.40000000E-01 0.12156017E+09 0.34837072E+04
 0.40000000E-01 0.80000000E-01 0.00000000E+00 0.00000000E+00
 0.80000000E-01 0.12000000E+00 0.00000000E+00 0.00000000E+00
 0.12000000E+00 0.16000000E+00 0.00000000E+00 0.00000000E+00
 0.16000000E+00 0.20000000E+00 0.00000000E+00 0.00000000E+00
 0.20000000E+00 0.24000000E+00 0.00000000E+00 0.00000000E+00
 0.24000000E+00 0.28000000E+00 0.00000000E+00 0.00000000E+00
 0.28000000E+00 0.32000000E+00 0.00000000E+00 0.00000000E+00
 0.32000000E+00 0.36000000E+00 0.00000000E+00 0.00000000E+00
 0.36000000E+00 0.40000000E+00 0.00000000E+00 0.00000000E+00
 0.40000000E+00 0.44000000E+00 0.00000000E+00 0.00000000E+00
 0.44000000E+00 0.48000000E+00 0.00000000E+00 0.00000000E+00
 0.48000000E+00 0.52000000E+00 0.00000000E+00 0.00000000E+00
 0.52000000E+00 0.56000000E+00 0.00000000E+00 0.00000000E+00
 0.56000000E+00 0.60000000E+00 0.00000000E+00 0.00000000E+00
 0.60000000E+00 0.64000000E+00 0.00000000E+00 0.00000000E+00
 0.64000000E+00 0.68000000E+00 0.00000000E+00 0.00000000E+00
 0.68000000E+00 0.72000000E+00 0.00000000E+00 0.00000000E+00
 0.72000000E+00 0.76000000E+00 0.00000000E+00 0.00000000E+00
 0.76000000E+00 0.80000000E+00 0.00000000E+00 0.00000000E+00
 0.80000000E+00 0.84000000E+00 0.00000000E+00 0.00000000E+00
 0.84000000E+00 0.88000000E+00 0.00000000E+00 0.00000000E+00
 0.88000000E+00 0.92000000E+00 0.00000000E+00 0.00000000E+00
 0.92000000E+00 0.96000000E+00 0.00000000E+00 0.00000000E+00
 0.96000000E+00 0.10000000E+01 0.00000000E+00 0.00000000E+00


# dsigma/dlogQ^2 index   2
 0.50000000E+00 0.61846627E+00 0.68918951E+07 0.50359808E+04
 0.61846627E+00 0.73693254E+00 0.59045163E+07 0.47190728E+04
 0.73693254E+00 0.85539882E+00 0.50215798E+07 0.44032696E+04
 0.85539882E+00 0.97386509E+00 0.42207446E+07 0.40792475E+04
 0.97386509E+00 0.10923314E+01 0.35341198E+07 0.37627517E+04
 0.10923314E+01 0.12107976E+01 0.29275763E+07 0.34429439E+04
 0.12107976E+01 0.13292639E+01 0.24196780E+07 0.31442299E+04
 0.13292639E+01 0.14477302E+01 0.19894259E+07 0.28634426E+04
 0.14477302E+01 0.15661965E+01 0.16286290E+07 0.25944557E+04
 0.15661965E+01 0.16846627E+01 0.13347665E+07 0.23419819E+04
 0.16846627E+01 0.18031290E+01 0.10868403E+07 0.21184845E+04
 0.18031290E+01 0.19215953E+01 0.88381514E+06 0.19053080E+04
 0.19215953E+01 0.20400615E+01 0.71161382E+06 0.16935366E+04
 0.20400615E+01 0.21585278E+01 0.57024392E+06 0.14808211E+04
 0.21585278E+01 0.22769941E+01 0.45843965E+06 0.13864175E+04
 0.22769941E+01 0.23954604E+01 0.36151005E+06 0.11879037E+04
 0.23954604E+01 0.25139266E+01 0.28646633E+06 0.11206528E+04
 0.25139266E+01 0.26323929E+01 0.22421759E+06 0.87621149E+03
 0.26323929E+01 0.27508592E+01 0.17171871E+06 0.78197279E+03
 0.27508592E+01 0.28693254E+01 0.12992258E+06 0.75297574E+03
 0.28693254E+01 0.29877917E+01 0.97406678E+05 0.56530348E+03
 0.29877917E+01 0.31062580E+01 0.71410504E+05 0.41603192E+03
 0.31062580E+01 0.32247243E+01 0.53140845E+05 0.30598506E+03
 0.32247243E+01 0.33431905E+01 0.37702826E+05 0.21818360E+03
 0.33431905E+01 0.34616568E+01 0.27272059E+05 0.15760575E+03


# dsigma/dQ^2 index   3
 0.00000000E+00 0.12747894E+01 0.00000000E+00 0.00000000E+00
 0.12747894E+01 0.25495788E+01 0.19303487E+07 0.63108574E+03
 0.25495788E+01 0.38243682E+01 0.96370659E+06 0.54172934E+03
 0.38243682E+01 0.50991576E+01 0.38468981E+06 0.37219178E+03
 0.50991576E+01 0.63739470E+01 0.19223962E+06 0.26752887E+03
 0.63739470E+01 0.76487364E+01 0.10916434E+06 0.20212462E+03
 0.76487364E+01 0.89235258E+01 0.67603625E+05 0.15778435E+03
 0.89235258E+01 0.10198315E+02 0.44582998E+05 0.12710480E+03
 0.10198315E+02 0.11473105E+02 0.30518585E+05 0.11095398E+03
 0.11473105E+02 0.12747894E+02 0.21935697E+05 0.90877218E+02
 0.12747894E+02 0.14022683E+02 0.16072207E+05 0.69967505E+02
 0.14022683E+02 0.15297473E+02 0.11917587E+05 0.60203847E+02
 0.15297473E+02 0.16572262E+02 0.89501464E+04 0.63191658E+02
 0.16572262E+02 0.17847052E+02 0.69707247E+04 0.50919398E+02
 0.17847052E+02 0.19121841E+02 0.54191475E+04 0.41163712E+02
 0.19121841E+02 0.20396630E+02 0.42591021E+04 0.33548515E+02
 0.20396630E+02 0.21671420E+02 0.34358321E+04 0.27779437E+02
 0.21671420E+02 0.22946209E+02 0.27754619E+04 0.23058761E+02
 0.22946209E+02 0.24220998E+02 0.22815645E+04 0.19381379E+02
 0.24220998E+02 0.25495788E+02 0.18328991E+04 0.16134207E+02
 0.25495788E+02 0.26770577E+02 0.15479149E+04 0.13812351E+02
 0.26770577E+02 0.28045367E+02 0.12662178E+04 0.11681067E+02
 0.28045367E+02 0.29320156E+02 0.10580143E+04 0.10019663E+02
 0.29320156E+02 0.30594945E+02 0.91694463E+03 0.87977079E+01
 0.30594945E+02 0.31869735E+02 0.78885775E+03 0.77433465E+01


