 # Stamped by ../../../build/disorder on 19/01/2024 at 09:58:06
 #../../../build/disorder -ncall1 1000000 -pdf MSHT20nnlo_as118 -Q 10 -scaleuncert -pdfuncert -NC -n
 # ----------------------------------------------------------
 # Doing DIS @ nnlo  (e^- + p)
 # Inclusively in radiation
 # Including neutral current
 # With γ/Z
 # xmin, xmax:           0.0009846     1.0000000
 # ymin, ymax:           0.0000000     1.0000000
 # Qmin, Qmax:          10.0000000    10.0000000 GeV
 # Electron energy:     27.6000000 GeV
 # Proton energy:      920.0000000 GeV
 # COM energy:      101568.0000000 GeV^2
 # PDF:             MSHT20nnlo_as118
 # MZ:                  91.1876000 GeV
 # MW:                  80.3980000 GeV
 # nf:                           5
 # CA:                   3.0000000
 # CF:                   1.3333333
 # TR:                   0.5000000
 # αS(MZ):               0.1180007
 # 1/αEM:              137.0000000
 # GF:                   0.1126702E-04 GeV^-2
 # sin(θ_W)^2:           0.2226459
 # ----------------------------------------------------------
# dsigma/dlogx index   0
 -.69233136D+01 -.66463811D+01 0.18162956D+02 0.19066514D+00
 -.66463811D+01 -.63694485D+01 0.19818441D+02 0.19768416D+00
 -.63694485D+01 -.60925160D+01 0.21200034D+02 0.20169059D+00
 -.60925160D+01 -.58155834D+01 0.21973957D+02 0.20260421D+00
 -.58155834D+01 -.55386509D+01 0.22107852D+02 0.19944793D+00
 -.55386509D+01 -.52617183D+01 0.21714353D+02 0.19226092D+00
 -.52617183D+01 -.49847858D+01 0.20952015D+02 0.18180829D+00
 -.49847858D+01 -.47078533D+01 0.19941385D+02 0.16935806D+00
 -.47078533D+01 -.44309207D+01 0.18797080D+02 0.15728388D+00
 -.44309207D+01 -.41539882D+01 0.17583546D+02 0.14736717D+00
 -.41539882D+01 -.38770556D+01 0.16369948D+02 0.14046982D+00
 -.38770556D+01 -.36001231D+01 0.15225428D+02 0.13633800D+00
 -.36001231D+01 -.33231905D+01 0.14120984D+02 0.13230326D+00
 -.33231905D+01 -.30462580D+01 0.13089340D+02 0.12687322D+00
 -.30462580D+01 -.27693254D+01 0.12162139D+02 0.12066857D+00
 -.27693254D+01 -.24923929D+01 0.11296067D+02 0.11508462D+00
 -.24923929D+01 -.22154604D+01 0.10497132D+02 0.11018821D+00
 -.22154604D+01 -.19385278D+01 0.97027989D+01 0.10407774D+00
 -.19385278D+01 -.16615953D+01 0.88115218D+01 0.98058735D-01
 -.16615953D+01 -.13846627D+01 0.77331344D+01 0.91866487D-01
 -.13846627D+01 -.11077302D+01 0.62988515D+01 0.79071860D-01
 -.11077302D+01 -.83079763D+00 0.44337001D+01 0.59358356D-01
 -.83079763D+00 -.55386509D+00 0.23653062D+01 0.34922067D-01
 -.55386509D+00 -.27693254D+00 0.72071842D+00 0.13605478D-01
 -.27693254D+00 0.00000000D+00 0.56802837D-01 0.26613993D-02


# dsigma/dx index   1
 0.00000000D+00 0.40000000D-01 0.17516911D+04 0.14551139D+02
 0.40000000D-01 0.80000000D-01 0.20899522D+03 0.20629797D+01
 0.80000000D-01 0.12000000D+00 0.10552920D+03 0.11077111D+01
 0.12000000D+00 0.16000000D+00 0.67556734D+02 0.73146608D+00
 0.16000000D+00 0.20000000D+00 0.47562835D+02 0.53879341D+00
 0.20000000D+00 0.24000000D+00 0.35200679D+02 0.41939958D+00
 0.24000000D+00 0.28000000D+00 0.26601446D+02 0.32869296D+00
 0.28000000D+00 0.32000000D+00 0.20251947D+02 0.25682446D+00
 0.32000000D+00 0.36000000D+00 0.15452916D+02 0.20130388D+00
 0.36000000D+00 0.40000000D+00 0.11698904D+02 0.15756905D+00
 0.40000000D+00 0.44000000D+00 0.87816622D+01 0.12285831D+00
 0.44000000D+00 0.48000000D+00 0.64978411D+01 0.94289381D-01
 0.48000000D+00 0.52000000D+00 0.47244842D+01 0.70741105D-01
 0.52000000D+00 0.56000000D+00 0.33472269D+01 0.51627633D-01
 0.56000000D+00 0.60000000D+00 0.23590639D+01 0.37971714D-01
 0.60000000D+00 0.64000000D+00 0.15743559D+01 0.27540086D-01
 0.64000000D+00 0.68000000D+00 0.10269830D+01 0.20830605D-01
 0.68000000D+00 0.72000000D+00 0.63958483D+00 0.15997553D-01
 0.72000000D+00 0.76000000D+00 0.37610481D+00 0.11997543D-01
 0.76000000D+00 0.80000000D+00 0.20944123D+00 0.84898712D-02
 0.80000000D+00 0.84000000D+00 0.10469003D+00 0.52821008D-02
 0.84000000D+00 0.88000000D+00 0.45718821D-01 0.27980560D-02
 0.88000000D+00 0.92000000D+00 0.16174584D-01 0.12115060D-02
 0.92000000D+00 0.96000000D+00 0.35300947D-02 0.37485151D-03
 0.96000000D+00 0.10000000D+01 0.22945551D-03 0.45865773D-04


# dsigma/dlogQ^2 index   2
 0.50000000D+00 0.61846627D+00 0.00000000D+00 0.00000000D+00
 0.61846627D+00 0.73693254D+00 0.00000000D+00 0.00000000D+00
 0.73693254D+00 0.85539882D+00 0.00000000D+00 0.00000000D+00
 0.85539882D+00 0.97386509D+00 0.00000000D+00 0.00000000D+00
 0.97386509D+00 0.10923314D+01 0.00000000D+00 0.00000000D+00
 0.10923314D+01 0.12107976D+01 0.00000000D+00 0.00000000D+00
 0.12107976D+01 0.13292639D+01 0.00000000D+00 0.00000000D+00
 0.13292639D+01 0.14477302D+01 0.00000000D+00 0.00000000D+00
 0.14477302D+01 0.15661965D+01 0.00000000D+00 0.00000000D+00
 0.15661965D+01 0.16846627D+01 0.00000000D+00 0.00000000D+00
 0.16846627D+01 0.18031290D+01 0.00000000D+00 0.00000000D+00
 0.18031290D+01 0.19215953D+01 0.00000000D+00 0.00000000D+00
 0.19215953D+01 0.20400615D+01 0.00000000D+00 0.00000000D+00
 0.20400615D+01 0.21585278D+01 0.00000000D+00 0.00000000D+00
 0.21585278D+01 0.22769941D+01 0.00000000D+00 0.00000000D+00
 0.22769941D+01 0.23954604D+01 0.78342910D+03 0.63034813D+01
 0.23954604D+01 0.25139266D+01 0.00000000D+00 0.00000000D+00
 0.25139266D+01 0.26323929D+01 0.00000000D+00 0.00000000D+00
 0.26323929D+01 0.27508592D+01 0.00000000D+00 0.00000000D+00
 0.27508592D+01 0.28693254D+01 0.00000000D+00 0.00000000D+00
 0.28693254D+01 0.29877917D+01 0.00000000D+00 0.00000000D+00
 0.29877917D+01 0.31062580D+01 0.00000000D+00 0.00000000D+00
 0.31062580D+01 0.32247243D+01 0.00000000D+00 0.00000000D+00
 0.32247243D+01 0.33431905D+01 0.00000000D+00 0.00000000D+00
 0.33431905D+01 0.34616568D+01 0.00000000D+00 0.00000000D+00


# dsigma/dQ^2 index   3
 0.00000000D+00 0.12747894D+01 0.00000000D+00 0.00000000D+00
 0.12747894D+01 0.25495788D+01 0.00000000D+00 0.00000000D+00
 0.25495788D+01 0.38243682D+01 0.00000000D+00 0.00000000D+00
 0.38243682D+01 0.50991576D+01 0.00000000D+00 0.00000000D+00
 0.50991576D+01 0.63739470D+01 0.00000000D+00 0.00000000D+00
 0.63739470D+01 0.76487364D+01 0.00000000D+00 0.00000000D+00
 0.76487364D+01 0.89235258D+01 0.00000000D+00 0.00000000D+00
 0.89235258D+01 0.10198315D+02 0.72804124D+02 0.58578270D+00
 0.10198315D+02 0.11473105D+02 0.00000000D+00 0.00000000D+00
 0.11473105D+02 0.12747894D+02 0.00000000D+00 0.00000000D+00
 0.12747894D+02 0.14022683D+02 0.00000000D+00 0.00000000D+00
 0.14022683D+02 0.15297473D+02 0.00000000D+00 0.00000000D+00
 0.15297473D+02 0.16572262D+02 0.00000000D+00 0.00000000D+00
 0.16572262D+02 0.17847052D+02 0.00000000D+00 0.00000000D+00
 0.17847052D+02 0.19121841D+02 0.00000000D+00 0.00000000D+00
 0.19121841D+02 0.20396630D+02 0.00000000D+00 0.00000000D+00
 0.20396630D+02 0.21671420D+02 0.00000000D+00 0.00000000D+00
 0.21671420D+02 0.22946209D+02 0.00000000D+00 0.00000000D+00
 0.22946209D+02 0.24220998D+02 0.00000000D+00 0.00000000D+00
 0.24220998D+02 0.25495788D+02 0.00000000D+00 0.00000000D+00
 0.25495788D+02 0.26770577D+02 0.00000000D+00 0.00000000D+00
 0.26770577D+02 0.28045367D+02 0.00000000D+00 0.00000000D+00
 0.28045367D+02 0.29320156D+02 0.00000000D+00 0.00000000D+00
 0.29320156D+02 0.30594945D+02 0.00000000D+00 0.00000000D+00
 0.30594945D+02 0.31869735D+02 0.00000000D+00 0.00000000D+00


