 # Stamped by ../../../build/disorder on 19/01/2024 at 09:58:06
 #../../../build/disorder -ncall1 1000000 -pdf MSHT20nnlo_as118 -Q 10 -scaleuncert -pdfuncert -NC -noCC -Ehad 920 -Elep 27.6 -mz 91.1876 -mw 80.398 -includeZ -prefix NC_Q10_ -ncall2 100000000 -nnlo
 # ----------------------------------------------------------
 # Doing DIS @ nnlo  (e^- + p)
 # Inclusively in radiation
 # Including neutral current
 # With γ/Z
 # xmin, xmax:           0.0009846     1.0000000
 # ymin, ymax:           0.0000000     1.0000000
 # Qmin, Qmax:          10.0000000    10.0000000 GeV
 # Electron energy:     27.6000000 GeV
 # Proton energy:      920.0000000 GeV
 # COM energy:      101568.0000000 GeV^2
 # PDF:             MSHT20nnlo_as118
 # MZ:                  91.1876000 GeV
 # MW:                  80.3980000 GeV
 # nf:                           5
 # CA:                   3.0000000
 # CF:                   1.3333333
 # TR:                   0.5000000
 # αS(MZ):               0.1180007
 # 1/αEM:              137.0000000
 # GF:                   0.1126702E-04 GeV^-2
 # sin(θ_W)^2:           0.2226459
 # ----------------------------------------------------------
# dsigma/dlogx index   0
 -.69233136D+01 -.66463811D+01 0.17747769D+02 0.87929725D-02
 -.66463811D+01 -.63694485D+01 0.19379849D+02 0.91923856D-02
 -.63694485D+01 -.60925160D+01 0.20755819D+02 0.95143323D-02
 -.60925160D+01 -.58155834D+01 0.21544160D+02 0.96885153D-02
 -.58155834D+01 -.55386509D+01 0.21708544D+02 0.97344444D-02
 -.55386509D+01 -.52617183D+01 0.21356217D+02 0.96606535D-02
 -.52617183D+01 -.49847858D+01 0.20640414D+02 0.95168721D-02
 -.49847858D+01 -.47078533D+01 0.19677847D+02 0.93105905D-02
 -.47078533D+01 -.44309207D+01 0.18579873D+02 0.90655566D-02
 -.44309207D+01 -.41539882D+01 0.17409121D+02 0.87941012D-02
 -.41539882D+01 -.38770556D+01 0.16233438D+02 0.85013681D-02
 -.38770556D+01 -.36001231D+01 0.15121051D+02 0.82255549D-02
 -.36001231D+01 -.33231905D+01 0.14043253D+02 0.79351533D-02
 -.33231905D+01 -.30462580D+01 0.13032467D+02 0.76476943D-02
 -.30462580D+01 -.27693254D+01 0.12120541D+02 0.73852588D-02
 -.27693254D+01 -.24923929D+01 0.11264353D+02 0.71125987D-02
 -.24923929D+01 -.22154604D+01 0.10470394D+02 0.68856903D-02
 -.22154604D+01 -.19385278D+01 0.96768753D+01 0.65935328D-02
 -.19385278D+01 -.16615953D+01 0.87838473D+01 0.63221068D-02
 -.16615953D+01 -.13846627D+01 0.76986598D+01 0.59236465D-02
 -.13846627D+01 -.11077302D+01 0.62609725D+01 0.54874859D-02
 -.11077302D+01 -.83079763D+00 0.44039422D+01 0.45504079D-02
 -.83079763D+00 -.55386509D+00 0.23325962D+01 0.35590037D-02
 -.55386509D+00 -.27693254D+00 0.69525307D+00 0.11463017D-02
 -.27693254D+00 0.00000000D+00 0.52181770D-01 0.11624333D-03


# dsigma/dx index   1
 0.00000000D+00 0.40000000D-01 0.17254230D+04 0.11906953D+00
 0.40000000D-01 0.80000000D-01 0.20828079D+03 0.78252531D-01
 0.80000000D-01 0.12000000D+00 0.10525895D+03 0.56879325D-01
 0.12000000D+00 0.16000000D+00 0.67366933D+02 0.45964071D-01
 0.16000000D+00 0.20000000D+00 0.47401154D+02 0.38652454D-01
 0.20000000D+00 0.24000000D+00 0.35042510D+02 0.33360454D-01
 0.24000000D+00 0.28000000D+00 0.26455521D+02 0.28584457D-01
 0.28000000D+00 0.32000000D+00 0.20125243D+02 0.26998887D-01
 0.32000000D+00 0.36000000D+00 0.15349006D+02 0.22706355D-01
 0.36000000D+00 0.40000000D+00 0.11619166D+02 0.18194972D-01
 0.40000000D+00 0.44000000D+00 0.87250292D+01 0.18727610D-01
 0.44000000D+00 0.48000000D+00 0.64324981D+01 0.17055947D-01
 0.48000000D+00 0.52000000D+00 0.46569313D+01 0.12884984D-01
 0.52000000D+00 0.56000000D+00 0.32828601D+01 0.94719179D-02
 0.56000000D+00 0.60000000D+00 0.23004106D+01 0.68345817D-02
 0.60000000D+00 0.64000000D+00 0.15249937D+01 0.47121943D-02
 0.64000000D+00 0.68000000D+00 0.98718050D+00 0.31490541D-02
 0.68000000D+00 0.72000000D+00 0.60933283D+00 0.20060868D-02
 0.72000000D+00 0.76000000D+00 0.35449954D+00 0.12059982D-02
 0.76000000D+00 0.80000000D+00 0.19485947D+00 0.68065106D-03
 0.80000000D+00 0.84000000D+00 0.95787497D-01 0.34630282D-03
 0.84000000D+00 0.88000000D+00 0.40901834D-01 0.15331603D-03
 0.88000000D+00 0.92000000D+00 0.14016348D-01 0.54783004D-04
 0.92000000D+00 0.96000000D+00 0.29078470D-02 0.12571265D-04
 0.96000000D+00 0.10000000D+01 0.17281184D-03 0.10116423D-05


# dsigma/dlogQ^2 index   2
 0.50000000D+00 0.61846627D+00 0.00000000D+00 0.00000000D+00
 0.61846627D+00 0.73693254D+00 0.00000000D+00 0.00000000D+00
 0.73693254D+00 0.85539882D+00 0.00000000D+00 0.00000000D+00
 0.85539882D+00 0.97386509D+00 0.00000000D+00 0.00000000D+00
 0.97386509D+00 0.10923314D+01 0.00000000D+00 0.00000000D+00
 0.10923314D+01 0.12107976D+01 0.00000000D+00 0.00000000D+00
 0.12107976D+01 0.13292639D+01 0.00000000D+00 0.00000000D+00
 0.13292639D+01 0.14477302D+01 0.00000000D+00 0.00000000D+00
 0.14477302D+01 0.15661965D+01 0.00000000D+00 0.00000000D+00
 0.15661965D+01 0.16846627D+01 0.00000000D+00 0.00000000D+00
 0.16846627D+01 0.18031290D+01 0.00000000D+00 0.00000000D+00
 0.18031290D+01 0.19215953D+01 0.00000000D+00 0.00000000D+00
 0.19215953D+01 0.20400615D+01 0.00000000D+00 0.00000000D+00
 0.20400615D+01 0.21585278D+01 0.00000000D+00 0.00000000D+00
 0.21585278D+01 0.22769941D+01 0.00000000D+00 0.00000000D+00
 0.22769941D+01 0.23954604D+01 0.77399949D+03 0.94431070D-02
 0.23954604D+01 0.25139266D+01 0.00000000D+00 0.00000000D+00
 0.25139266D+01 0.26323929D+01 0.00000000D+00 0.00000000D+00
 0.26323929D+01 0.27508592D+01 0.00000000D+00 0.00000000D+00
 0.27508592D+01 0.28693254D+01 0.00000000D+00 0.00000000D+00
 0.28693254D+01 0.29877917D+01 0.00000000D+00 0.00000000D+00
 0.29877917D+01 0.31062580D+01 0.00000000D+00 0.00000000D+00
 0.31062580D+01 0.32247243D+01 0.00000000D+00 0.00000000D+00
 0.32247243D+01 0.33431905D+01 0.00000000D+00 0.00000000D+00
 0.33431905D+01 0.34616568D+01 0.00000000D+00 0.00000000D+00


# dsigma/dQ^2 index   3
 0.00000000D+00 0.12747894D+01 0.00000000D+00 0.00000000D+00
 0.12747894D+01 0.25495788D+01 0.00000000D+00 0.00000000D+00
 0.25495788D+01 0.38243682D+01 0.00000000D+00 0.00000000D+00
 0.38243682D+01 0.50991576D+01 0.00000000D+00 0.00000000D+00
 0.50991576D+01 0.63739470D+01 0.00000000D+00 0.00000000D+00
 0.63739470D+01 0.76487364D+01 0.00000000D+00 0.00000000D+00
 0.76487364D+01 0.89235258D+01 0.00000000D+00 0.00000000D+00
 0.89235258D+01 0.10198315D+02 0.71927829D+02 0.87754863D-03
 0.10198315D+02 0.11473105D+02 0.00000000D+00 0.00000000D+00
 0.11473105D+02 0.12747894D+02 0.00000000D+00 0.00000000D+00
 0.12747894D+02 0.14022683D+02 0.00000000D+00 0.00000000D+00
 0.14022683D+02 0.15297473D+02 0.00000000D+00 0.00000000D+00
 0.15297473D+02 0.16572262D+02 0.00000000D+00 0.00000000D+00
 0.16572262D+02 0.17847052D+02 0.00000000D+00 0.00000000D+00
 0.17847052D+02 0.19121841D+02 0.00000000D+00 0.00000000D+00
 0.19121841D+02 0.20396630D+02 0.00000000D+00 0.00000000D+00
 0.20396630D+02 0.21671420D+02 0.00000000D+00 0.00000000D+00
 0.21671420D+02 0.22946209D+02 0.00000000D+00 0.00000000D+00
 0.22946209D+02 0.24220998D+02 0.00000000D+00 0.00000000D+00
 0.24220998D+02 0.25495788D+02 0.00000000D+00 0.00000000D+00
 0.25495788D+02 0.26770577D+02 0.00000000D+00 0.00000000D+00
 0.26770577D+02 0.28045367D+02 0.00000000D+00 0.00000000D+00
 0.28045367D+02 0.29320156D+02 0.00000000D+00 0.00000000D+00
 0.29320156D+02 0.30594945D+02 0.00000000D+00 0.00000000D+00
 0.30594945D+02 0.31869735D+02 0.00000000D+00 0.00000000D+00


